 0.006000    4.26
 0.008000    4.24
 0.010000    4.18
 0.012000    4.13
 0.014000    4.08
 0.016000    4.03
 0.018000    3.98
 0.020000    3.94
 0.022000    3.89
 0.024000    3.85
 0.026000    3.81
 0.028000    3.76
 0.030000    3.72
 0.032000    3.68
 0.034000    3.65
 0.036000    3.61
 0.038000    3.58
 0.040000    3.54
 0.042000    3.51
 0.044000    3.48
 0.046000    3.45
 0.048000    3.42
 0.050000    3.39
 0.052000    3.36
 0.054000    3.33
 0.056000    3.31
 0.058000    3.28
 0.060000    3.26
 0.062000    3.24
 0.064000    3.22
 0.066000    3.20
 0.068000    3.18
 0.070000    3.16
 0.072000    3.14
 0.074000    3.12
 0.076000    3.11
 0.078000    3.09
 0.080000    3.08
 0.082000    3.06
 0.084000    3.05
 0.086000    3.04
 0.088000    3.03
 0.090000    3.01
 0.092000    3.00
 0.094000    2.99
 0.096000    2.99
 0.098000    2.98
 0.100000    2.97
 0.102000    2.96
 0.104000    2.95
 0.106000    2.94
 0.108000    2.94
 0.110000    2.93
 0.112000    2.93
 0.114000    2.92
 0.116000    2.92
 0.118000    2.90
 0.120000    2.90
 0.122000    2.90
 0.124000    2.90
 0.126000    2.90
 0.128000    2.91
 0.130000    2.90
 0.132000    2.91
 0.134000    2.91
 0.136000    2.90
 0.138000    2.91
 0.140000    2.91
 0.142000    2.91
 0.144000    2.90
 0.146000    2.90
 0.148000    2.90
 0.150000    2.90
 0.152000    2.90
 0.154000    2.90
 0.156000    2.90
 0.158000    2.90
 0.160000    2.90
 0.162000    2.90
 0.164000    2.90
 0.166000    2.90
 0.168000    2.90
 0.170000    2.90
 0.172000    2.90
 0.174000    2.90
 0.176000    2.91
 0.178000    2.91
 0.180000    2.91
 0.182000    2.91
 0.184000    2.92
 0.186000    2.92
 0.188000    2.92
 0.190000    2.92
 0.192000    2.92
 0.194000    2.92
 0.196000    2.93
 0.198000    2.93
 0.200000    2.93
 0.202000    2.93
 0.204000    2.93
 0.206000    2.93
 0.208000    2.93
 0.210000    2.93
 0.212000    2.94
 0.214000    2.93
 0.216000    2.93
 0.218000    2.93
 0.220000    2.93
 0.222000    2.92
 0.224000    2.92
 0.226000    2.92
 0.228000    2.92
 0.230000    2.93
 0.232000    2.92
 0.234000    2.92
 0.236000    2.92
 0.238000    2.92
 0.240000    2.93
 0.242000    2.93
 0.244000    2.93
 0.246000    2.93
 0.248000    2.93
 0.250000    2.93
 0.252000    2.93
 0.254000    2.92
 0.256000    2.92
 0.258000    2.92
 0.260000    2.91
 0.262000    2.91
 0.264000    2.91
 0.266000    2.91
 0.268000    2.91
 0.270000    2.91
