 0.009000    4.68
 0.011000    4.62
 0.013000    4.57
 0.015000    4.51
 0.017000    4.46
 0.019000    4.40
 0.021000    4.35
 0.023000    4.31
 0.025000    4.26
 0.027000    4.21
 0.029000    4.17
 0.031000    4.13
 0.033000    4.08
 0.035000    4.04
 0.037000    4.01
 0.039000    3.97
 0.041000    3.93
 0.043000    3.90
 0.045000    3.87
 0.047000    3.84
 0.049000    3.80
 0.051000    3.78
 0.053000    3.75
 0.055000    3.72
 0.057000    3.70
 0.059000    3.67
 0.061000    3.65
 0.063000    3.62
 0.065000    3.60
 0.067000    3.58
 0.069000    3.56
 0.071000    3.55
 0.073000    3.53
 0.075000    3.51
 0.077000    3.50
 0.079000    3.48
 0.081000    3.47
 0.083000    3.45
 0.085000    3.44
 0.087000    3.43
 0.089000    3.42
 0.091000    3.41
 0.093000    3.40
 0.095000    3.39
 0.097000    3.38
 0.099000    3.38
 0.101000    3.37
 0.103000    3.36
 0.105000    3.36
 0.107000    3.36
 0.109000    3.35
 0.111000    3.34
 0.113000    3.34
 0.115000    3.34
 0.117000    3.34
 0.119000    3.33
 0.121000    3.33
 0.123000    3.33
 0.125000    3.32
 0.127000    3.31
 0.129000    3.31
 0.131000    3.31
 0.133000    3.31
 0.135000    3.31
 0.137000    3.30
 0.139000    3.29
 0.141000    3.28
 0.143000    3.28
 0.145000    3.28
 0.147000    3.28
 0.149000    3.27
 0.151000    3.26
 0.153000    3.26
 0.155000    3.26
 0.157000    3.25
 0.159000    3.25
 0.161000    3.24
 0.163000    3.24
 0.165000    3.24
 0.167000    3.24
 0.169000    3.24
 0.171000    3.23
 0.173000    3.23
 0.175000    3.23
 0.177000    3.22
 0.179000    3.22
 0.181000    3.22
 0.183000    3.22
 0.185000    3.22
 0.187000    3.21
 0.189000    3.21
 0.191000    3.21
 0.193000    3.21
 0.195000    3.21
 0.197000    3.20
 0.199000    3.20
 0.201000    3.19
 0.203000    3.19
 0.205000    3.20
 0.207000    3.20
 0.209000    3.20
 0.211000    3.20
 0.213000    3.20
 0.215000    3.20
 0.217000    3.20
 0.219000    3.20
 0.221000    3.20
 0.223000    3.20
 0.225000    3.20
 0.227000    3.20
 0.229000    3.20
 0.231000    3.19
 0.233000    3.19
 0.235000    3.19
 0.237000    3.19
 0.239000    3.19
 0.241000    3.20
 0.243000    3.20
 0.245000    3.20
 0.247000    3.20
 0.249000    3.20
 0.251000    3.20
 0.253000    3.21
 0.255000    3.21
 0.257000    3.21
 0.259000    3.21
